[[[0.17857547276639113, 0.26395651681576265, 0.1516249575359529, 0.2213792322500283, 0.05741139168837051, 0.11176537198505265, 0.015287056958441852], [0.11143907867995742, 0.21934578534791446, 0.2265073066873125, 0.25075002419432885, 0.07258298654795316, 0.08642214264976289, 0.03295267589277073], [0.06171648987463838, 0.23641915782706524, 0.13227258116361298, 0.25458052073288334, 0.18209578913532626, 0.02611700417872067, 0.10679845708775314], [0.22732668566001898, 0.40064102564102566, 0.060125830959164295, 0.07443019943019943, 0.1412630579297246, 0.0006528964862298196, 0.09556030389363723], [0.12881806108897742, 0.40106241699867196, 0.1279327135900841, 0.18016821602478972, 0.10070827799911465, 0.03718459495351926, 0.024125719344842853], [0.1294243832677869, 0.4788463830294363, 0.007627219640090574, 0.12859015611965202, 0.11250148969133596, 0.001787629603146228, 0.14122273864855203], [0.15803814713896458, 0.3760217983651226, 0.05812897366030881, 0.03633060853769301, 0.36330608537693004, 0.007266121707538601, 0.0009082652134423251]], [[0.11982020811526384, 0.2706729881164953, 0.16895511360137921, 0.2419801736346284, 0.06249615171479589, 0.1188350471030109, 0.01724031771442645], [0.06766928749923813, 0.23969951849820198, 0.2682848784055586, 0.23979094289022979, 0.08391235448284269, 0.0628390321204364, 0.037803986103492414], [0.04649057845799391, 0.24805397844153707, 0.12977865547601417, 0.2857401464658932, 0.1868345264543734, 0.020225458734468856, 0.08287665596971941], [0.13413897280966766, 0.48243587465197557, 0.06015046501984479, 0.07909484035305965, 0.13971921094721876, 0.001765298264320834, 0.10269533795391268], [0.08318839350103932, 0.4159843889195266, 0.16043778899588512, 0.18186060323251177, 0.1021931871208586, 0.032961438934374074, 0.02337419929580452], [0.10370529943989659, 0.4929771650150797, 0.008358466178371392, 0.13089185695820768, 0.12300732442912538, 0.0006462731581214993, 0.14041361482119777], [0.099889557000859, 0.3379555773714566, 0.16480549760706836, 0.025279175358939747, 0.3702294760093263, 0.001595287765369984, 0.00024542888697999754]], [[0.10397003745318352, 0.3292883895131086, 0.09453183520599251, 0.2861423220973783, 0.0802996254681648, 0.08224719101123595, 0.02352059925093633], [0.056203323789001385, 0.27210201611712964, 0.07828320099182336, 0.3506508840806447, 0.14732709507925731, 0.03772470998022257, 0.05770876996192107], [0.04634110573397859, 0.27049420736178326, 0.05623991787652148, 0.3478515911423962, 0.14862883120692183, 0.04340812435841032, 0.08703622231998827], [0.0964401294498382, 0.38918169209431347, 0.14797349360456158, 0.10645708121436277, 0.13422715364462937, 0.004654029896748344, 0.12106642009554631], [0.05710528787451864, 0.3088663473278858, 0.07645346106884568, 0.32037193575655115, 0.162627970320278, 0.04062177139100216, 0.03395322626091857], [0.08526351124538435, 0.4874118831822759, 0.007720711648204095, 0.14165827458878819, 0.12722390063779793, 0.0003356831151393085, 0.1503860355824102], [0.09809114987670108, 0.38231801991049413, 0.025847109325052516, 0.03717234450634761, 0.44835144762078727, 0.004931957256370445, 0.0032879715042469634]], [[0.1120078372830752, 0.28316850158611684, 0.17074080985258444, 0.2257883933569696, 0.062325060645642846, 0.13374696771785782, 0.012222429557753312], [0.05762629729838872, 0.24525838280229914, 0.18133236414543202, 0.30569801720308526, 0.08644617641911992, 0.10426846504866132, 0.019370297083013636], [0.08965968586387435, 0.38961605584642234, 0.06010034904013962, 0.19077225130890052, 0.14534249563699825, 0.02012434554973822, 0.1043848167539267], [0.06458447238928376, 0.3188901038819027, 0.3656369600874795, 0.04886550027337343, 0.12124111536358666, 0.0007517769272826681, 0.0800300710770913], [0.11537852391510928, 0.5642223630028508, 0.07621951219512195, 0.0888105796642382, 0.11680392777953753, 0.021737408932530882, 0.01682768451061134], [0.07282913165266107, 0.4649859943977591, 0.008403361344537815, 0.12324929971988796, 0.18207282913165265, 0.008403361344537815, 0.1400560224089636], [0.11616869809082084, 0.34721173551936146, 0.09055118110236221, 0.02173444072915543, 0.41764642433394455, 0.006148204077230072, 0.0005393161471254449]], [[0.09637431261068133, 0.2609749277658682, 0.1685152390716749, 0.25510299189113617, 0.06459129462205238, 0.14241774629508808, 0.012023487743498928], [0.03840348497296471, 0.19792124419648827, 0.17986587439576607, 0.37249469802632834, 0.06091060203672214, 0.1323296203595789, 0.01807447601215155], [0.05042595301609156, 0.3069443249290078, 0.12460201359607607, 0.2072110833835298, 0.18087944238877893, 0.03218311677136219, 0.0977540659151536], [0.0979850952249517, 0.3744410709356887, 0.09986199282362683, 0.08490201490477504, 0.23726193762075629, 0.0018768975986751312, 0.10367099089152636], [0.09162948145868595, 0.4635328512078781, 0.07424219110632405, 0.20803200492383445, 0.09986151715648561, 0.045545468533620556, 0.017156485613171256], [0.10316946959896507, 0.4670116429495472, 0.008408796895213453, 0.13551099611901682, 0.1313065976714101, 0.0, 0.15459249676584735], [0.08255597014925373, 0.38199626865671643, 0.10541044776119403, 0.03451492537313433, 0.3908582089552239, 0.002798507462686567, 0.0018656716417910447]], [[0.16516881224192373, 0.24168083555987369, 0.3825601165897498, 0.12363371386932233, 0.04396405149380617, 0.024046635899927133, 0.018945834345397133], [0.04166219263395254, 0.1796950499302051, 0.4755717813808655, 0.2012240953505852, 0.05250724793299689, 0.025018790937399334, 0.02432084183399549], [0.0641025641025641, 0.46474358974358976, 0.07692307692307693, 0.16666666666666666, 0.11858974358974358, 0.0, 0.10897435897435898], [0.0649067090115125, 0.43568876538308854, 0.05101230647082176, 0.17248908296943233, 0.08832870186581977, 0.0, 0.18757443429932513], [0.06965811965811966, 0.3540598290598291, 0.41410256410256413, 0.06794871794871794, 0.07628205128205129, 0.00042735042735042735, 0.01752136752136752], [0.29411764705882354, 0.35294117647058826, 0.058823529411764705, 0.11764705882352941, 0.058823529411764705, 0.0, 0.11764705882352941], [0.06751054852320675, 0.3513116859291873, 0.21023665382498624, 0.043111355714547786, 0.3278297560080719, 0.0, 0.0]], [[0.10459023265562775, 0.3932089708656466, 0.14399496960804864, 0.20268287570739887, 0.05239991616013415, 0.0905470551247118, 0.012575979878432194], [0.03179208220006044, 0.25506195225143546, 0.24672106376548805, 0.34167422181928075, 0.059655485040797825, 0.05336959806588093, 0.011725596857056512], [0.04218519299725796, 0.2777894958869437, 0.16135836321451172, 0.25564226956338326, 0.1780215144484286, 0.01898333684876608, 0.06601982704070872], [0.07912087912087912, 0.4014652014652015, 0.021245421245421246, 0.09230769230769231, 0.15457875457875458, 0.0007326007326007326, 0.25054945054945055], [0.13563758747796356, 0.6523852769912922, 0.043004433997542606, 0.04952187616859875, 0.11036914365083605, 0.007425610342432823, 0.0016560713713339387], [0.07692307692307693, 0.4717948717948718, 0.0, 0.1641025641025641, 0.14871794871794872, 0.0, 0.13846153846153847], [0.18867924528301888, 0.3584905660377358, 0.0, 0.0, 0.4528301886792453, 0.0, 0.0]]]