[[[[0.30057070386810397, 0.24920735573874445, 0.11540900443880786, 0.17564996829422955, 0.05199746353836398, 0.09511731135066583, 0.012048192771084338], [0.18575718575718575, 0.2175032175032175, 0.19905619905619906, 0.21793221793221793, 0.07335907335907337, 0.07164307164307164, 0.03474903474903475], [0.06572068707991038, 0.22852875280059745, 0.11874533233756535, 0.2703510082150859, 0.17998506348020912, 0.021657953696788648, 0.11501120238984316], [0.3058823529411765, 0.3626598465473146, 0.058823529411764705, 0.055754475703324806, 0.12378516624040921, 0.0005115089514066496, 0.09258312020460358], [0.1794871794871795, 0.38461538461538464, 0.07495069033530571, 0.1755424063116371, 0.11439842209072978, 0.04142011834319527, 0.029585798816568046], [0.16717325227963525, 0.44883485309017224, 0.011144883485309016, 0.1347517730496454, 0.0972644376899696, 0.005065856129685917, 0.13576494427558258], [0.22962962962962963, 0.4, 0.02962962962962963, 0.007407407407407408, 0.3333333333333333, 0.0, 0.0]], [[0.16804168475901, 0.25575336517585756, 0.12722535822839776, 0.22926617455492834, 0.07121146330872774, 0.1276595744680851, 0.020842379504993486], [0.11625854842267813, 0.25501875137877783, 0.22810500772115597, 0.22192808294727553, 0.08316787999117582, 0.06088682991396426, 0.034634899624972425], [0.0696432386242256, 0.23841059602649006, 0.1369365520187994, 0.2879726554155095, 0.15573595385601366, 0.025208288827173683, 0.08609271523178808], [0.20069471246622925, 0.4440370513315322, 0.05364724044770359, 0.0781551524507912, 0.1325742956387495, 0.0005789270551910459, 0.09031262060980316], [0.138, 0.3893333333333333, 0.17866666666666667, 0.15, 0.09333333333333334, 0.032, 0.018666666666666668], [0.167973124300112, 0.4652855543113102, 0.0083986562150056, 0.11702127659574468, 0.12094064949608063, 0.0011198208286674132, 0.11926091825307951], [0.1762114537444934, 0.33480176211453744, 0.09544787077826726, 0.027900146842878122, 0.3656387665198238, 0.0, 0.0]], [[0.13671875, 0.31640625, 0.08463541666666667, 0.2591145833333333, 0.08723958333333333, 0.07942708333333333, 0.036458333333333336], [0.07138001359619306, 0.2505098572399728, 0.07953772943575799, 0.3195105370496261, 0.18184908225696805, 0.02379333786539769, 0.07341944255608429], [0.046172539489671933, 0.2448359659781288, 0.06439854191980558, 0.3487241798298906, 0.1421628189550425, 0.061968408262454436, 0.09173754556500607], [0.11931818181818182, 0.37563131313131315, 0.1275252525252525, 0.10164141414141414, 0.14172979797979798, 0.0031565656565656565, 0.13099747474747475], [0.07811120917917035, 0.25684024713150927, 0.08781994704324801, 0.30759046778464255, 0.18755516328331862, 0.04677846425419241, 0.0353045013239188], [0.12923076923076923, 0.49230769230769234, 0.009230769230769232, 0.13230769230769232, 0.12307692307692308, 0.0, 0.11384615384615385], [0.10082768999247554, 0.36042136945071485, 0.013544018058690745, 0.05191873589164785, 0.46952595936794583, 0.0015048908954100827, 0.002257336343115124]], [[0.14151436031331593, 0.2618798955613577, 0.16840731070496084, 0.2070496083550914, 0.04751958224543081, 0.16344647519582245, 0.010182767624020888], [0.08725925925925926, 0.2411851851851852, 0.1754074074074074, 0.2837037037037037, 0.07318518518518519, 0.11762962962962963, 0.02162962962962963], [0.11056268509378085, 0.33464955577492594, 0.06416584402764067, 0.1855873642645607, 0.18163869693978282, 0.01579466929911155, 0.10760118460019744], [0.09569377990430622, 0.291866028708134, 0.31259968102073366, 0.07256778309409888, 0.1467304625199362, 0.0007974481658692185, 0.07974481658692185], [0.1819327731092437, 0.5214285714285715, 0.06680672268907563, 0.07815126050420168, 0.12184873949579832, 0.01638655462184874, 0.013445378151260505], [0.09090909090909091, 0.2727272727272727, 0.0, 0.18181818181818182, 0.18181818181818182, 0.09090909090909091, 0.18181818181818182], [0.1782608695652174, 0.3279503105590062, 0.07329192546583851, 0.02236024844720497, 0.3919254658385093, 0.006211180124223602, 0.0]], [[0.14261168384879724, 0.2611683848797251, 0.15120274914089346, 0.2422680412371134, 0.06872852233676977, 0.12199312714776632, 0.012027491408934709], [0.07560706401766004, 0.20088300220750552, 0.21909492273730685, 0.32450331125827814, 0.05849889624724062, 0.09381898454746136, 0.02759381898454746], [0.07785467128027682, 0.2370242214532872, 0.1643598615916955, 0.19896193771626297, 0.20069204152249134, 0.03633217993079585, 0.0847750865051903], [0.19164619164619165, 0.371007371007371, 0.044226044226044224, 0.06633906633906633, 0.2076167076167076, 0.002457002457002457, 0.1167076167076167], [0.13186813186813187, 0.4593406593406593, 0.08131868131868132, 0.17582417582417584, 0.09230769230769231, 0.03736263736263736, 0.02197802197802198], [0.16666666666666666, 0.4226190476190476, 0.03571428571428571, 0.11904761904761904, 0.11904761904761904, 0.0, 0.13690476190476192], [0.1559633027522936, 0.22935779816513763, 0.26605504587155965, 0.01834862385321101, 0.3302752293577982, 0.0, 0.0]], [[0.1703499079189687, 0.23756906077348067, 0.3830570902394107, 0.1298342541436464, 0.04419889502762431, 0.019337016574585635, 0.01565377532228361], [0.05500248880039821, 0.18193130910900945, 0.4547038327526132, 0.20358387257341962, 0.05400696864111498, 0.026381284221005476, 0.024390243902439025], [0.015625, 0.4375, 0.09375, 0.25, 0.140625, 0.0, 0.0625], [0.07414272474513438, 0.40593141797961074, 0.04448563484708063, 0.17516218721038, 0.09545875810936053, 0.0, 0.20481927710843373], [0.0826271186440678, 0.3644067796610169, 0.3792372881355932, 0.0858050847457627, 0.07203389830508475, 0.001059322033898305, 0.014830508474576272], [0.26666666666666666, 0.4, 0.0, 0.06666666666666667, 0.0, 0.0, 0.26666666666666666], [0.08691983122362869, 0.3755274261603376, 0.189873417721519, 0.043037974683544304, 0.30464135021097044, 0.0, 0.0]], [[0.10344827586206896, 0.41379310344827586, 0.09195402298850575, 0.20689655172413793, 0.05172413793103448, 0.10344827586206896, 0.028735632183908046], [0.04830917874396135, 0.21980676328502416, 0.28019323671497587, 0.33816425120772947, 0.0821256038647343, 0.01932367149758454, 0.012077294685990338], [0.03125, 0.28125, 0.125, 0.265625, 0.140625, 0.015625, 0.140625], [0.05, 0.45, 0.025, 0.175, 0.075, 0.0, 0.225], [0.1875, 0.62, 0.0325, 0.0475, 0.105, 0.005, 0.0025], [0.25, 0.25, 0.0, 0.0, 0.375, 0.0, 0.125], [1.0, 0.0, 0.0, 0.0, 0.0, 0.0, 0.0]]], [[[0.18705035971223022, 0.2656731757451182, 0.1408016443987667, 0.22713257965056527, 0.045220966084275435, 0.1171634121274409, 0.01695786228160329], [0.12807097361237488, 0.2429481346678799, 0.22179253867151957, 0.23089171974522293, 0.0675614194722475, 0.08075523202911739, 0.027979981801637854], [0.07397959183673469, 0.2576530612244898, 0.1239067055393586, 0.27113702623906705, 0.15342565597667637, 0.02696793002915452, 0.09293002915451895], [0.22442748091603054, 0.42544529262086517, 0.05877862595419847, 0.07099236641221374, 0.13027989821882952, 0.0007633587786259542, 0.08931297709923663], [0.11133004926108374, 0.43054187192118226, 0.129064039408867, 0.1921182266009852, 0.08866995073891626, 0.033497536945812804, 0.014778325123152709], [0.13115603939865214, 0.4997407983411094, 0.007776049766718507, 0.12493519958527735, 0.10730948678071539, 0.003110419906687403, 0.12597200622083982], [0.1357142857142857, 0.3821428571428571, 0.075, 0.03214285714285714, 0.36428571428571427, 0.010714285714285714, 0.0]], [[0.11844179238910156, 0.2717856338662463, 0.1729340238684981, 0.2256248592659311, 0.06755235307363207, 0.129925692411619, 0.013735645124971853], [0.0705613120589918, 0.2519865234250842, 0.24918949844256563, 0.24461254847117156, 0.08244866823469582, 0.07024346831097833, 0.03095798105651262], [0.04833304935537002, 0.24615209859714887, 0.16067473164082466, 0.2991991821434657, 0.1590844550462884, 0.02385414891804396, 0.06270233429885841], [0.12499205693588358, 0.5204295609074157, 0.07002605325030184, 0.07333036792272987, 0.12747029294020462, 0.0017792463620766347, 0.08197242168138781], [0.08098783366624296, 0.40784456146722353, 0.22280733611766843, 0.13292173597239876, 0.10168875976030507, 0.03232249863809697, 0.02142727437806428], [0.1066925315227934, 0.4864209505334627, 0.012366634335596509, 0.13409311348205627, 0.11905916585838991, 0.0, 0.14136760426770126], [0.10318419991938735, 0.31076178960096734, 0.1902458686013704, 0.021362353889560662, 0.3724304715840387, 0.0012091898428053204, 0.0008061265618702137]], [[0.10902654867256638, 0.31079646017699114, 0.09663716814159291, 0.29345132743362834, 0.0895575221238938, 0.07150442477876107, 0.029026548672566373], [0.051416439992038744, 0.260134014462947, 0.08704305712200623, 0.35573542095137, 0.1590924169043986, 0.02839514363431301, 0.058183506932926427], [0.044128835911742326, 0.2566573674866853, 0.04970834390058331, 0.37750443824499114, 0.15013948769972102, 0.04463606391072787, 0.07722546284554907], [0.09693025398836606, 0.38956401543512065, 0.16258711052237518, 0.10217128376432644, 0.13217761907504463, 0.0031676553590969303, 0.1134020618556701], [0.048004932616929445, 0.2926979652955166, 0.08596846648462961, 0.34026248568660267, 0.16480225491059633, 0.03611380251915793, 0.03215009248656743], [0.08950366151342555, 0.4816924328722539, 0.008136696501220505, 0.13913751017087062, 0.12367778681855167, 0.0008136696501220504, 0.15703824247355574], [0.09054805401111994, 0.38284352660841936, 0.02402700555996823, 0.03733121525019857, 0.45949166004765685, 0.0029785544082605244, 0.0027799841143764893]], [[0.10280869104398516, 0.29146793852676206, 0.15880586468821764, 0.23494082317611728, 0.05820526408761703, 0.1417594064652888, 0.012012012012012012], [0.05488703339882122, 0.2520383104125737, 0.1612721021611002, 0.30994597249508843, 0.07794695481335953, 0.12590864440078586, 0.01800098231827112], [0.07563521764821746, 0.37522158755170376, 0.054559779397281856, 0.20484538113058892, 0.17254284025999606, 0.019302737837305496, 0.09789245617490644], [0.05856800479328939, 0.3343319352905932, 0.3615937687237867, 0.04598562013181546, 0.11743559017375674, 0.0005991611743559018, 0.08148591971240264], [0.12100398541507675, 0.5900958195539727, 0.06300347663868397, 0.08793351988467735, 0.11167641821419486, 0.015517679979648945, 0.010769100313745443], [0.087248322147651, 0.4899328859060403, 0.020134228187919462, 0.12080536912751678, 0.15436241610738255, 0.013422818791946308, 0.11409395973154363], [0.11513613290263036, 0.3568297185048454, 0.0693354868481772, 0.02065066912782649, 0.42939547761882785, 0.008191047531149053, 0.00046146746654360867]], [[0.10249872514023457, 0.25038245792962777, 0.18306986231514533, 0.2442631310555839, 0.07037225905150434, 0.13564507904130546, 0.013768485466598673], [0.04160717927799307, 0.19814399347338366, 0.21109524780746483, 0.3333673261268611, 0.06475627167040587, 0.12890067305731184, 0.022129308586579646], [0.04997355896351137, 0.26017979904812266, 0.1504494976203067, 0.2244843997884717, 0.18984664198836596, 0.02749867794817557, 0.097567424643046], [0.10473524609283881, 0.40844413342663866, 0.09283881502216002, 0.072778166550035, 0.20760438535106135, 0.001166316771635176, 0.11243293678563097], [0.08551266085512661, 0.40929846409298465, 0.11830635118306351, 0.21253632212536322, 0.10294728102947281, 0.053549190535491904, 0.0178497301784973], [0.09137709137709138, 0.48133848133848134, 0.01287001287001287, 0.11711711711711711, 0.15057915057915058, 0.0, 0.14671814671814673], [0.07622504537205081, 0.35934664246823955, 0.20326678765880218, 0.038112522686025406, 0.32123411978221417, 0.0018148820326678765, 0.0]], [[0.16992106356460324, 0.2513502285002077, 0.3722476111341919, 0.11632737847943499, 0.04154549231408392, 0.027420024927295387, 0.0211882010801828], [0.03845481559167978, 0.17759133018703024, 0.4797238245062052, 0.20206257647264464, 0.05331235797937423, 0.02350987589582241, 0.025345219367243488], [0.08762886597938144, 0.4536082474226804, 0.06701030927835051, 0.17010309278350516, 0.10824742268041238, 0.0, 0.1134020618556701], [0.06484529295589203, 0.44140882159315337, 0.053982883475971036, 0.17050691244239632, 0.0859117840684661, 0.0, 0.18334430546412114], [0.06725043782837128, 0.3614711033274956, 0.4073555166374781, 0.06619964973730298, 0.07705779334500876, 0.0003502626970227671, 0.020315236427320492], [0.26666666666666666, 0.3333333333333333, 0.13333333333333333, 0.13333333333333333, 0.13333333333333333, 0.0, 0.0], [0.06014114759128567, 0.34918686713715863, 0.20803927585148818, 0.04203743479594968, 0.3405952746241178, 0.0, 0.0]], [[0.09828009828009827, 0.36732186732186733, 0.14250614250614252, 0.2199017199017199, 0.051597051597051594, 0.11056511056511056, 0.009828009828009828], [0.026506899055918662, 0.20987654320987653, 0.21459694989106753, 0.4212055192447349, 0.06172839506172839, 0.05337690631808279, 0.012708787218591141], [0.04169769173492182, 0.24050632911392406, 0.2092330603127327, 0.3104988830975428, 0.11988086373790022, 0.044676098287416234, 0.03350707371556218], [0.043689320388349516, 0.4320388349514563, 0.014563106796116505, 0.07281553398058252, 0.21359223300970873, 0.0, 0.22330097087378642], [0.1325820351342393, 0.6516407026847862, 0.049055352999668546, 0.05104408352668213, 0.10341398740470666, 0.010606562810739144, 0.0016572754391779914], [0.07692307692307693, 0.46153846153846156, 0.0, 0.15384615384615385, 0.07692307692307693, 0.0, 0.23076923076923078], [0.5, 0.0, 0.0, 0.0, 0.5, 0.0, 0.0]]], [[[0.1585014409221902, 0.26945244956772335, 0.1037463976945245, 0.2564841498559078, 0.07636887608069164, 0.11239193083573487, 0.023054755043227664], [0.09008189262966333, 0.20473157415832574, 0.1292083712465878, 0.40036396724294815, 0.07415832575068244, 0.061419472247497726, 0.040036396724294813], [0.06973058637083994, 0.27258320126782887, 0.0919175911251981, 0.26465927099841524, 0.17591125198098256, 0.025356576862123614, 0.09984152139461172], [0.20261780104712043, 0.3795811518324607, 0.0743455497382199, 0.09109947643979058, 0.14764397905759163, 0.0015706806282722514, 0.10314136125654451], [0.1044776119402985, 0.39925373134328357, 0.06902985074626866, 0.19402985074626866, 0.14738805970149255, 0.05783582089552239, 0.027985074626865673], [0.1092896174863388, 0.4972677595628415, 0.01092896174863388, 0.12021857923497267, 0.09289617486338798, 0.0, 0.16939890710382513], [0.12101910828025478, 0.35668789808917195, 0.05732484076433121, 0.03184713375796178, 0.42038216560509556, 0.006369426751592357, 0.006369426751592357]], [[0.09663865546218488, 0.27363445378151263, 0.14705882352941177, 0.29831932773109243, 0.058298319327731093, 0.10766806722689076, 0.01838235294117647], [0.05532653504013886, 0.23378173139509656, 0.15979605120416576, 0.36341939683228464, 0.08505098719895855, 0.06541549142981123, 0.03720980689954437], [0.05165912518853695, 0.28996983408748117, 0.053167420814479636, 0.27714932126696834, 0.2055052790346908, 0.02828054298642534, 0.0942684766214178], [0.11751830962202206, 0.4455762269551309, 0.07601649970536241, 0.09377893762101187, 0.14277296068692652, 0.005724387574711676, 0.11861267783483458], [0.06251252254057303, 0.3820877579643358, 0.06251252254057303, 0.2963334001202164, 0.1342416349428972, 0.039871769184532155, 0.02244039270687237], [0.09780907668231612, 0.49061032863849763, 0.012519561815336464, 0.14397496087636932, 0.13145539906103287, 0.0, 0.12363067292644757], [0.09207161125319693, 0.4010230179028133, 0.05524296675191816, 0.020971867007672635, 0.429156010230179, 0.001534526854219949, 0.0]], [[0.08860759493670886, 0.314873417721519, 0.09968354430379747, 0.314873417721519, 0.06487341772151899, 0.10759493670886076, 0.00949367088607595], [0.06776904310111141, 0.27595554350772566, 0.06695581458389807, 0.32827324478178366, 0.13797777175386283, 0.04201680672268908, 0.08105177554892926], [0.054758800521512385, 0.26597131681877445, 0.048239895697522815, 0.32985658409387225, 0.1590612777053455, 0.03780964797913951, 0.10430247718383312], [0.08558178752107926, 0.37731871838111297, 0.12647554806070826, 0.13638279932546374, 0.13933389544688027, 0.006745362563237774, 0.1281618887015177], [0.046373951652688705, 0.2925505673408979, 0.038973852984706465, 0.3798717316230883, 0.14948199309324126, 0.07153428712382832, 0.021213616181549086], [0.06925675675675676, 0.49155405405405406, 0.008445945945945946, 0.14189189189189189, 0.12331081081081081, 0.0, 0.16554054054054054], [0.09856781802864364, 0.38331929233361417, 0.02864363942712721, 0.02527379949452401, 0.45492839090143217, 0.007582139848357203, 0.0016849199663016006]], [[0.116331096196868, 0.2837967401725791, 0.18664109939277723, 0.22595078299776286, 0.07702141259188239, 0.09747523170341962, 0.01278363694471077], [0.056862279242892215, 0.23655658509543043, 0.17446741110319158, 0.340936089332383, 0.09843985111269501, 0.07317652649085293, 0.019561257622554843], [0.11393459695896688, 0.40491564257446366, 0.03103520099979171, 0.21599666736096645, 0.12434909393876276, 0.03020204124140804, 0.0795667569256405], [0.06514186450492183, 0.32310364794441226, 0.38332368268674, 0.04632310364794441, 0.10220034742327735, 0.0014475969889982628, 0.07845975680370584], [0.10516647531572905, 0.5804822043628014, 0.06636050516647532, 0.09092996555683124, 0.12284730195177956, 0.012399540757749712, 0.021814006888633754], [0.059602649006622516, 0.47019867549668876, 0.0, 0.10596026490066225, 0.1986754966887417, 0.0, 0.16556291390728478], [0.11278004073319756, 0.32484725050916496, 0.10132382892057026, 0.019348268839103868, 0.43584521384928715, 0.004837067209775967, 0.0010183299389002036]], [[0.11595394736842106, 0.28289473684210525, 0.09292763157894737, 0.30098684210526316, 0.07319078947368421, 0.11677631578947369, 0.017269736842105265], [0.04895849171354721, 0.23764634331762202, 0.06598753230956363, 0.45507070092747454, 0.07678272768739547, 0.07374182758096397, 0.04181237646343318], [0.03624078624078624, 0.3144963144963145, 0.05958230958230958, 0.3034398034398034, 0.1597051597051597, 0.02702702702702703, 0.09950859950859951], [0.08413954851949575, 0.38229258282028733, 0.1404280269715626, 0.11228378774552918, 0.16886543535620052, 0.002931691586045148, 0.1090589270008795], [0.05428818943112908, 0.3390124169794975, 0.04735778226970835, 0.3517181634421022, 0.12445856194051401, 0.056887092116661854, 0.026277793820386947], [0.09364161849710982, 0.4554913294797688, 0.009248554913294798, 0.15028901734104047, 0.12716763005780346, 0.0, 0.16416184971098266], [0.08713692946058091, 0.4107883817427386, 0.042876901798063624, 0.035961272475795295, 0.41632088520055327, 0.0027662517289073307, 0.004149377593360996]], [[0.14173228346456693, 0.23622047244094488, 0.4330708661417323, 0.12598425196850394, 0.031496062992125984, 0.011811023622047244, 0.01968503937007874], [0.03443526170798898, 0.18388429752066116, 0.4889807162534435, 0.20110192837465565, 0.045454545454545456, 0.026170798898071626, 0.01997245179063361], [0.08695652173913043, 0.5652173913043478, 0.08695652173913043, 0.08695652173913043, 0.08695652173913043, 0.0, 0.08695652173913043], [0.052132701421800945, 0.4597156398104265, 0.04976303317535545, 0.16113744075829384, 0.08293838862559241, 0.0, 0.1943127962085308], [0.0633245382585752, 0.3113456464379947, 0.46437994722955145, 0.052770448548812667, 0.08970976253298153, 0.0, 0.018469656992084433], [0.0, 0.0, 0.0, 1.0, 0.0, 0.0, 0.0], [0.06919642857142858, 0.34598214285714285, 0.22321428571428573, 0.033482142857142856, 0.328125, 0.0, 0.0]], [[0.09497206703910614, 0.43482309124767227, 0.05772811918063315, 0.2756052141527002, 0.04655493482309125, 0.06890130353817504, 0.021415270018621976], [0.030339225991399904, 0.2809364548494983, 0.06760630673674152, 0.5023889154323937, 0.05972288580984233, 0.04323936932632585, 0.015766841853798376], [0.0636042402826855, 0.3321554770318021, 0.045936395759717315, 0.2579505300353357, 0.18021201413427562, 0.024734982332155476, 0.09540636042402827], [0.085995085995086, 0.35872235872235875, 0.02702702702702703, 0.0687960687960688, 0.14742014742014742, 0.0, 0.31203931203931207], [0.11448360154817681, 0.6708087186799756, 0.014463230800570381, 0.06437156243634141, 0.1275208800162966, 0.006722346710124261, 0.0016296598085149725], [0.09259259259259259, 0.5, 0.0, 0.16666666666666666, 0.09259259259259259, 0.0, 0.14814814814814814], [0.16666666666666666, 0.4444444444444444, 0.0, 0.0, 0.3888888888888889, 0.0, 0.0]]], [[[0.14202415660141607, 0.2594752186588921, 0.14702207413577675, 0.23573511037067887, 0.061224489795918366, 0.14244064972927947, 0.012078300708038317], [0.09901153212520593, 0.21943986820428335, 0.2026359143327842, 0.25551894563426686, 0.07265238879736409, 0.11894563426688633, 0.03179571663920923], [0.06612021857923497, 0.2314207650273224, 0.14453551912568305, 0.22076502732240438, 0.20163934426229507, 0.025956284153005466, 0.10956284153005465], [0.2359504132231405, 0.41177685950413223, 0.05867768595041322, 0.07665289256198347, 0.13347107438016528, 0.00020661157024793388, 0.08326446280991735], [0.1317365269461078, 0.3869760479041916, 0.16766467065868262, 0.16467065868263472, 0.09206586826347306, 0.0344311377245509, 0.02245508982035928], [0.13010115102895012, 0.4673875130798744, 0.006627136379490757, 0.1276595744680851, 0.1182420648761772, 0.0006975933031042902, 0.1492849668643181], [0.15267175572519084, 0.366412213740458, 0.061068702290076333, 0.04580152671755725, 0.36259541984732824, 0.011450381679389313, 0.0]], [[0.10394767577668769, 0.27049754730203224, 0.16935295491707544, 0.25951880401775285, 0.054426535856108384, 0.12754029432375613, 0.014716187806587245], [0.06037321624588365, 0.23858397365532383, 0.26026344676180024, 0.24099890230515916, 0.07288693743139407, 0.087211855104281, 0.03968166849615807], [0.04305545245341846, 0.24949892361368867, 0.12716205181501003, 0.2383638928067701, 0.21683616658006089, 0.01996882191374063, 0.10511469081731126], [0.14125935711140467, 0.4862175253192426, 0.05486569793042712, 0.07446059004843682, 0.1494495816820784, 0.000968736239542052, 0.09277851166886834], [0.0884459669884771, 0.46558704453441296, 0.1748676424789785, 0.1368732482092806, 0.07941451261289317, 0.027405792587978824, 0.027405792587978824], [0.09643687064291247, 0.5045184611412342, 0.006971340046475601, 0.12858249419054996, 0.12122385747482571, 0.0009036922282468371, 0.14136328427575523], [0.08756080611535788, 0.2876997915218902, 0.2918693537178596, 0.02640722724113968, 0.30298818624044477, 0.0034746351633078527, 0.0]], [[0.08454987834549878, 0.38929440389294406, 0.0851581508515815, 0.2706812652068126, 0.06265206812652069, 0.09245742092457421, 0.015206812652068127], [0.062989921612542, 0.31760918253079506, 0.05683090705487122, 0.3603023516237402, 0.10302351623740201, 0.0593505039193729, 0.0398936170212766], [0.06442831215970962, 0.3548094373865699, 0.03539019963702359, 0.24863883847549909, 0.14519056261343014, 0.017241379310344827, 0.13430127041742287], [0.09576901086335049, 0.39994282447112633, 0.13950829045168667, 0.08662092624356775, 0.1432246998284734, 0.005717552887364208, 0.1292166952544311], [0.08818011257035648, 0.4397748592870544, 0.042401500938086305, 0.21613508442776735, 0.13433395872420262, 0.03714821763602252, 0.04202626641651032], [0.06233062330623306, 0.5230352303523035, 0.0027100271002710027, 0.15989159891598917, 0.12195121951219512, 0.0, 0.13008130081300814], [0.13061650992685475, 0.3793103448275862, 0.03814002089864159, 0.029258098223615466, 0.4117032392894462, 0.009926854754440962, 0.0010449320794148381]], [[0.10264550264550265, 0.25502645502645505, 0.2867724867724868, 0.2, 0.09735449735449736, 0.042328042328042326, 0.015873015873015872], [0.049507072438919844, 0.22246035147878268, 0.30711530218602656, 0.23639091298756965, 0.12044577796828118, 0.030218602657522502, 0.03386198028289756], [0.09401869158878505, 0.41551401869158877, 0.09252336448598131, 0.13439252336448598, 0.12542056074766356, 0.0065420560747663555, 0.13158878504672897], [0.08111888111888112, 0.3258741258741259, 0.213986013986014, 0.09230769230769231, 0.17762237762237762, 0.0013986013986013986, 0.1076923076923077], [0.0665163472378805, 0.4492671927846674, 0.19785794813979707, 0.0794813979706877, 0.12344983089064261, 0.0062006764374295375, 0.07722660653889515], [0.0, 0.5454545454545454, 0.0, 0.09090909090909091, 0.18181818181818182, 0.0, 0.18181818181818182], [0.09222886421861656, 0.26216908625106744, 0.2425277540563621, 0.033304867634500426, 0.36806148590947907, 0.0, 0.0017079419299743809]], [[0.09849004804392587, 0.2573781743308167, 0.15511324639670557, 0.24330816746739878, 0.06382978723404255, 0.1719286204529856, 0.009951956074124914], [0.0351578947368421, 0.18835087719298246, 0.17214035087719298, 0.352, 0.06007017543859649, 0.18252631578947368, 0.009754385964912281], [0.04935064935064935, 0.30857142857142855, 0.147012987012987, 0.19532467532467532, 0.15324675324675324, 0.047792207792207796, 0.0987012987012987], [0.09808292465448061, 0.33883192153366026, 0.04413731609451627, 0.05572893446277307, 0.3927775300936246, 0.0008916629514043691, 0.06954971020954079], [0.11084745762711865, 0.5545762711864407, 0.07084745762711864, 0.1223728813559322, 0.0840677966101695, 0.04576271186440678, 0.01152542372881356], [0.13114754098360656, 0.48816029143898, 0.0018214936247723133, 0.122040072859745, 0.12021857923497267, 0.0, 0.1366120218579235], [0.06588235294117648, 0.44, 0.04470588235294118, 0.02588235294117647, 0.4211764705882353, 0.002352941176470588, 0.0]], [[0.23076923076923078, 0.23076923076923078, 0.34615384615384615, 0.07692307692307693, 0.038461538461538464, 0.038461538461538464, 0.038461538461538464], [0.024096385542168676, 0.18674698795180722, 0.572289156626506, 0.12650602409638553, 0.04819277108433735, 0.030120481927710843, 0.012048192771084338], [0.0, 1.0, 0.0, 0.0, 0.0, 0.0, 0.0], [0.06818181818181818, 0.4772727272727273, 0.045454545454545456, 0.18181818181818182, 0.09090909090909091, 0.0, 0.13636363636363635], [0.07692307692307693, 0.35384615384615387, 0.4461538461538462, 0.07692307692307693, 0.03076923076923077, 0.0, 0.015384615384615385], [0.6666666666666666, 0.3333333333333333, 0.0, 0.0, 0.0, 0.0, 0.0], [0.02, 0.22, 0.36, 0.08, 0.32, 0.0, 0.0]], [[0.10817084493964717, 0.3881151346332405, 0.1555246053853296, 0.1745589600742804, 0.054317548746518104, 0.1095636025998143, 0.009749303621169917], [0.03650201926063995, 0.26731904318111216, 0.30211245728487107, 0.23951537744641194, 0.06461634047840945, 0.07906182044113079, 0.010872941907424665], [0.05658129839189994, 0.30911256700416917, 0.16319237641453246, 0.19058963668850507, 0.197736748064324, 0.008933889219773675, 0.07385348421679572], [0.10173697270471464, 0.45409429280397023, 0.02729528535980149, 0.02729528535980149, 0.19851116625310175, 0.0024813895781637717, 0.18858560794044665], [0.15366735537190082, 0.6297778925619835, 0.05785123966942149, 0.04390495867768595, 0.10485537190082644, 0.008522727272727272, 0.0014204545454545455], [0.05263157894736842, 0.49122807017543857, 0.0, 0.18421052631578946, 0.15789473684210525, 0.0, 0.11403508771929824], [0.1, 0.1, 0.0, 0.0, 0.8, 0.0, 0.0]]], [[[0.13152804642166344, 0.29980657640232106, 0.13926499032882012, 0.22437137330754353, 0.06866537717601548, 0.11992263056092843, 0.01644100580270793], [0.09428571428571429, 0.235, 0.25214285714285717, 0.21892857142857142, 0.07821428571428571, 0.07928571428571428, 0.04214285714285714], [0.061946902654867256, 0.21626106194690264, 0.14214601769911506, 0.2665929203539823, 0.17975663716814158, 0.04701327433628318, 0.08628318584070796], [0.18377785896967483, 0.4051881622214103, 0.058092802338326636, 0.07672634271099744, 0.17573986116185605, 0.0007307270734380709, 0.09974424552429667], [0.12842712842712842, 0.3722943722943723, 0.13564213564213565, 0.1847041847041847, 0.10822510822510822, 0.04040404040404041, 0.030303030303030304], [0.10405759162303665, 0.49607329842931935, 0.005235602094240838, 0.1243455497382199, 0.125, 0.0, 0.14528795811518325], [0.09302325581395349, 0.43410852713178294, 0.031007751937984496, 0.07751937984496124, 0.35658914728682173, 0.007751937984496124, 0.0]], [[0.1383084577114428, 0.2835820895522388, 0.1338308457711443, 0.23582089552238805, 0.0626865671641791, 0.12139303482587065, 0.02437810945273632], [0.07877208224732117, 0.26971715416546, 0.2681726035331596, 0.18737329858094412, 0.1099526981368858, 0.03639347427357853, 0.049618689062650836], [0.05077544083280221, 0.25738262162736353, 0.12555768005098789, 0.27448480985765883, 0.17930741448905885, 0.031761206713405564, 0.08073082642872317], [0.12905211325400082, 0.4862535904800985, 0.05493434550677062, 0.08401723430447271, 0.14874846122281493, 0.0010258514567090685, 0.09596840377513335], [0.08155583437892096, 0.3619824341279799, 0.14742785445420326, 0.2267879548306148, 0.10790464240903387, 0.04736511919698871, 0.026976160602258468], [0.09485994802194629, 0.4914813745307537, 0.006786023678891135, 0.12980075079410916, 0.12951198382904996, 0.0005775339301183945, 0.14698238521513138], [0.0824524312896406, 0.321353065539112, 0.1744186046511628, 0.045454545454545456, 0.37420718816067655, 0.0021141649048625794, 0.0]], [[0.12457337883959044, 0.29692832764505117, 0.10580204778156997, 0.2883959044368601, 0.08532423208191127, 0.08191126279863481, 0.017064846416382253], [0.04513596860106532, 0.2545556490047659, 0.08102046537706756, 0.35968601065321, 0.16596579758901037, 0.03644519203812728, 0.057190916736753576], [0.04558011049723757, 0.31422651933701656, 0.09116022099447514, 0.26795580110497236, 0.14157458563535913, 0.03591160220994475, 0.10359116022099447], [0.08970099667774087, 0.4115448504983389, 0.13662790697674418, 0.10132890365448505, 0.125, 0.007890365448504983, 0.12790697674418605], [0.05233111322549953, 0.29971455756422455, 0.08372978116079924, 0.31826831588962895, 0.1665080875356803, 0.03615604186489058, 0.043292102759276876], [0.08288770053475936, 0.46524064171123, 0.008021390374331552, 0.13903743315508021, 0.14171122994652408, 0.0, 0.16310160427807488], [0.07658450704225352, 0.4040492957746479, 0.027288732394366196, 0.04929577464788732, 0.4242957746478873, 0.00528169014084507, 0.013204225352112676]], [[0.10929577464788733, 0.2980281690140845, 0.12056338028169014, 0.23549295774647888, 0.06985915492957746, 0.15267605633802817, 0.014084507042253521], [0.057054400707651484, 0.27156125608137993, 0.13696004717676544, 0.30915524104378594, 0.09774436090225563, 0.1076219961668878, 0.019902697921273773], [0.04643449419568822, 0.34051962410171366, 0.05749032614704257, 0.2570480928689884, 0.15920398009950248, 0.04145936981757877, 0.0978441127694859], [0.07217165149544863, 0.33485045513654094, 0.3459037711313394, 0.029258777633289986, 0.1235370611183355, 0.0, 0.09427828348504551], [0.09539320614239181, 0.5435086086551885, 0.07073057235923685, 0.10237319683573755, 0.12121917170777105, 0.05979525360632852, 0.006979990693345742], [0.08823529411764706, 0.38235294117647056, 0.0, 0.17647058823529413, 0.23529411764705882, 0.0, 0.11764705882352941], [0.11767838125665601, 0.34451544195953143, 0.08945686900958466, 0.025559105431309903, 0.4158679446219382, 0.006922257720979766, 0.0]], [[0.09151973131821999, 0.2653232577665827, 0.1704450041981528, 0.24769101595298068, 0.05709487825356843, 0.1528127623845508, 0.015113350125944584], [0.04199170124481328, 0.22024896265560165, 0.1467219917012448, 0.35369294605809126, 0.07153526970954358, 0.14174273858921163, 0.024066390041493777], [0.06010362694300518, 0.3305699481865285, 0.11295336787564766, 0.19378238341968912, 0.1533678756476684, 0.043523316062176166, 0.10569948186528498], [0.10059171597633136, 0.3687130177514793, 0.10355029585798817, 0.08394970414201183, 0.2481508875739645, 0.0014792899408284023, 0.09356508875739646], [0.07781201848998459, 0.43836671802773497, 0.07010785824345146, 0.2349768875192604, 0.10477657935285054, 0.05546995377503852, 0.01848998459167951], [0.08783783783783784, 0.46283783783783783, 0.0, 0.14864864864864866, 0.12837837837837837, 0.0, 0.17229729729729729], [0.07623318385650224, 0.273542600896861, 0.09865470852017937, 0.04035874439461883, 0.4977578475336323, 0.008968609865470852, 0.004484304932735426]], [[0.12225705329153605, 0.19122257053291536, 0.43260188087774293, 0.15047021943573669, 0.07523510971786834, 0.01567398119122257, 0.012539184952978056], [0.038781163434903045, 0.18559556786703602, 0.4778393351800554, 0.19598337950138503, 0.04986149584487535, 0.029778393351800554, 0.0221606648199446], [0.0, 0.4230769230769231, 0.11538461538461539, 0.038461538461538464, 0.19230769230769232, 0.0, 0.23076923076923078], [0.05489260143198091, 0.441527446300716, 0.05250596658711217, 0.18377088305489261, 0.09785202863961814, 0.0, 0.16945107398568018], [0.06157635467980296, 0.3226600985221675, 0.4827586206896552, 0.05172413793103448, 0.07635467980295567, 0.0, 0.0049261083743842365], [0.0, 0.0, 0.0, 0.0, 0.0, 0.0, 0.0], [0.06903765690376569, 0.33263598326359833, 0.24267782426778242, 0.058577405857740586, 0.29707112970711297, 0.0, 0.0]], [[0.11864406779661017, 0.3954802259887006, 0.0847457627118644, 0.2655367231638418, 0.05649717514124294, 0.07909604519774012, 0.0], [0.031746031746031744, 0.2442002442002442, 0.14285714285714285, 0.4652014652014652, 0.057387057387057384, 0.04395604395604396, 0.014652014652014652], [0.017699115044247787, 0.25663716814159293, 0.1415929203539823, 0.29646017699115046, 0.14601769911504425, 0.030973451327433628, 0.11061946902654868], [0.0945945945945946, 0.43243243243243246, 0.04054054054054054, 0.02702702702702703, 0.1891891891891892, 0.0, 0.21621621621621623], [0.13126491646778043, 0.6431980906921241, 0.0513126491646778, 0.05250596658711217, 0.11455847255369929, 0.007159904534606206, 0.0], [0.16666666666666666, 0.16666666666666666, 0.0, 0.0, 0.3333333333333333, 0.0, 0.3333333333333333], [0.25, 0.5, 0.0, 0.0, 0.25, 0.0, 0.0]]], [[[0.15588235294117647, 0.23970588235294119, 0.31323529411764706, 0.18823529411764706, 0.058823529411764705, 0.027941176470588237, 0.016176470588235296], [0.07738693467336684, 0.16884422110552763, 0.4492462311557789, 0.19597989949748743, 0.06934673366834171, 0.018090452261306532, 0.021105527638190954], [0.031746031746031744, 0.233015873015873, 0.12253968253968255, 0.25396825396825395, 0.2088888888888889, 0.0006349206349206349, 0.1492063492063492], [0.2593320235756385, 0.4243614931237721, 0.07465618860510806, 0.025540275049115914, 0.09823182711198428, 0.0, 0.11787819253438114], [0.12154696132596685, 0.6077348066298343, 0.09944751381215469, 0.06629834254143646, 0.06629834254143646, 0.0, 0.03867403314917127], [0.25252525252525254, 0.36363636363636365, 0.020202020202020204, 0.13131313131313133, 0.13131313131313133, 0.020202020202020204, 0.08080808080808081], [0.20512820512820512, 0.3076923076923077, 0.0641025641025641, 0.01282051282051282, 0.41025641025641024, 0.0, 0.0]], [[0.1095360824742268, 0.24871134020618557, 0.40463917525773196, 0.15077319587628865, 0.05283505154639175, 0.015463917525773196, 0.01804123711340206], [0.056169704212727815, 0.15058261129369585, 0.5461607409620556, 0.17657603824320287, 0.049895428742157154, 0.0032865252464893933, 0.01732895129967135], [0.030029351998193725, 0.2382027545721382, 0.09618424023481599, 0.3234364416346805, 0.22318807857304132, 0.00011289230074508918, 0.08884624068638519], [0.11926360725720384, 0.4967982924226254, 0.05496264674493063, 0.03415154749199573, 0.07897545357524013, 0.0, 0.21584845250800427], [0.09406952965235174, 0.6104294478527608, 0.14212678936605316, 0.06339468302658487, 0.08077709611451943, 0.0, 0.009202453987730062], [0.1459227467811159, 0.5, 0.017167381974248927, 0.12875536480686695, 0.07725321888412018, 0.002145922746781116, 0.12875536480686695], [0.0772626931567329, 0.4326710816777042, 0.11258278145695365, 0.019867549668874173, 0.3576158940397351, 0.0, 0.0]], [[0.05, 0.4, 0.1, 0.3, 0.1, 0.0, 0.05], [0.041379310344827586, 0.23448275862068965, 0.2, 0.2206896551724138, 0.2482758620689655, 0.006896551724137931, 0.04827586206896552], [0.041666666666666664, 0.3333333333333333, 0.08333333333333333, 0.25, 0.20833333333333334, 0.0, 0.08333333333333333], [0.19230769230769232, 0.36538461538461536, 0.2692307692307692, 0.0, 0.09615384615384616, 0.0, 0.07692307692307693], [0.1891891891891892, 0.40540540540540543, 0.02702702702702703, 0.13513513513513514, 0.08108108108108109, 0.02702702702702703, 0.13513513513513514], [0.0, 0.0, 0.0, 0.0, 0.0, 0.0, 0.0], [0.11764705882352941, 0.4411764705882353, 0.058823529411764705, 0.029411764705882353, 0.35294117647058826, 0.0, 0.0]], [[0.0764525993883792, 0.24770642201834864, 0.41896024464831805, 0.15902140672782875, 0.06422018348623854, 0.021406727828746176, 0.012232415902140673], [0.0428246013667426, 0.15580865603644647, 0.47425968109339406, 0.2419134396355353, 0.07699316628701594, 0.002733485193621868, 0.005466970387243736], [0.054474708171206226, 0.4046692607003891, 0.038910505836575876, 0.16731517509727625, 0.17509727626459143, 0.0, 0.15953307392996108], [0.03567318757192175, 0.1956271576524741, 0.5684695051783659, 0.04142692750287687, 0.12658227848101267, 0.0, 0.03222094361334868], [0.0853932584269663, 0.6022471910112359, 0.14606741573033707, 0.07415730337078652, 0.0853932584269663, 0.0, 0.006741573033707865], [0.0, 0.0, 0.0, 0.0, 0.0, 0.0, 0.0], [0.08042328042328042, 0.5068783068783069, 0.10264550264550265, 0.01798941798941799, 0.2920634920634921, 0.0, 0.0]], [[0.10122699386503067, 0.2147239263803681, 0.39570552147239263, 0.2085889570552147, 0.06441717791411043, 0.009202453987730062, 0.006134969325153374], [0.044055522027761015, 0.1623415811707906, 0.5039227519613759, 0.23053711526855764, 0.044055522027761015, 0.0030175015087507543, 0.012070006035003017], [0.053147574819401446, 0.41382868937048506, 0.08101135190918472, 0.10939112487100103, 0.22858617131062953, 0.0, 0.11403508771929824], [0.07861635220125786, 0.4811320754716981, 0.018867924528301886, 0.02830188679245283, 0.20754716981132076, 0.0, 0.18553459119496854], [0.06442577030812324, 0.46218487394957986, 0.24089635854341737, 0.10084033613445378, 0.1092436974789916, 0.0028011204481792717, 0.0196078431372549], [0.0, 0.5, 0.0, 0.0, 0.0, 0.0, 0.5], [0.08536585365853659, 0.5121951219512195, 0.08536585365853659, 0.036585365853658534, 0.2804878048780488, 0.0, 0.0]], [[0.2, 0.1, 0.0, 0.4, 0.0, 0.3, 0.0], [0.16666666666666666, 0.16666666666666666, 0.25, 0.16666666666666666, 0.16666666666666666, 0.08333333333333333, 0.0], [0.0, 1.0, 0.0, 0.0, 0.0, 0.0, 0.0], [0.25, 0.5, 0.0, 0.0, 0.25, 0.0, 0.0], [0.0, 0.0, 1.0, 0.0, 0.0, 0.0, 0.0], [0.0, 0.0, 0.0, 0.0, 0.0, 0.0, 0.0], [0.0, 0.25, 0.25, 0.0, 0.5, 0.0, 0.0]], [[0.11956521739130435, 0.34782608695652173, 0.3858695652173913, 0.08695652173913043, 0.05434782608695652, 0.0, 0.005434782608695652], [0.02349869451697128, 0.23237597911227154, 0.5373368146214099, 0.1671018276762402, 0.03655352480417755, 0.0005221932114882506, 0.0026109660574412533], [0.02181500872600349, 0.2661431064572426, 0.13699825479930192, 0.2774869109947644, 0.225130890052356, 0.0, 0.07242582897033159], [0.059574468085106386, 0.3404255319148936, 0.0, 0.2680851063829787, 0.0425531914893617, 0.0, 0.28936170212765955], [0.11024062674874091, 0.7123670956911025, 0.04588696138780078, 0.029099048684946838, 0.09904868494683827, 0.0, 0.003357582540570789], [0.0, 0.0, 0.0, 0.0, 0.0, 0.0, 0.0], [0.0, 0.0, 0.0, 0.0, 0.0, 0.0, 0.0]]], [[[0.09218436873747494, 0.27655310621242485, 0.20240480961923848, 0.26452905811623245, 0.052104208416833664, 0.09218436873747494, 0.02004008016032064], [0.08901918976545842, 0.1865671641791045, 0.30650319829424305, 0.22388059701492538, 0.07462686567164178, 0.08901918976545842, 0.030383795309168442], [0.042212518195050945, 0.22125181950509462, 0.16011644832605532, 0.29839883551673946, 0.1470160116448326, 0.036390101892285295, 0.09461426491994178], [0.1923474663908997, 0.33712512926577043, 0.045501551189245086, 0.10134436401240951, 0.17269906928645296, 0.001034126163391934, 0.1499482936918304], [0.14, 0.324, 0.144, 0.264, 0.072, 0.032, 0.024], [0.11805555555555555, 0.4722222222222222, 0.006944444444444444, 0.16203703703703703, 0.1087962962962963, 0.0, 0.13194444444444445], [0.3, 0.35, 0.08333333333333333, 0.03333333333333333, 0.23333333333333334, 0.0, 0.0]], [[0.0779467680608365, 0.30038022813688214, 0.1806083650190114, 0.24714828897338403, 0.07604562737642585, 0.09885931558935361, 0.01901140684410