[[[0.15281007751937983, 0.22315891472868218, 0.07441860465116279, 0.37112403100775193, 0.0563953488372093, 0.10523255813953489, 0.01686046511627907], [0.10223684210526315, 0.19881578947368422, 0.12903508771929825, 0.29605263157894735, 0.07947368421052632, 0.1762280701754386, 0.018157894736842106], [0.14267448055407564, 0.4987746403835908, 0.1753862546616942, 0.10793819925412892, 0.061587639850825784, 0.006819392647842301, 0.006819392647842301], [0.14490068188556182, 0.38407945449155056, 0.2348058108508746, 0.09294396679513786, 0.06033204862140528, 0.07997331752149422, 0.0029647198339756895], [0.059985802176999524, 0.17747278750591575, 0.26810222432560343, 0.281590156176053, 0.05383341221012778, 0.11168954093705631, 0.047326076668244205], [0.2990909090909091, 0.5412121212121213, 0.09848484848484848, 0.0033333333333333335, 0.05090909090909091, 0.004545454545454545, 0.0024242424242424242], [0.026732673267326732, 0.13485148514851486, 0.2631683168316832, 0.3188118811881188, 0.021584158415841583, 0.23465346534653464, 0.00019801980198019803]], [[0.07567273292891585, 0.17269404261938093, 0.1098537875252761, 0.44027064862342513, 0.07625602737595272, 0.09359931560118215, 0.03165344532586716], [0.04399431556614159, 0.15743279758211404, 0.15084766117571705, 0.4075178639338684, 0.09813654650627489, 0.11450931726746863, 0.027561497968415363], [0.07102736002899077, 0.45575026531721585, 0.20412600626407476, 0.13141614681748764, 0.09789558149768333, 0.005021613646364507, 0.03476302642818316], [0.07670238304350371, 0.30714132365282903, 0.3388762027441107, 0.13029646544489334, 0.08367000409860062, 0.05929308897866776, 0.004020532037394851], [0.026746422830641124, 0.14511581332841444, 0.29916466837070804, 0.3107591767899022, 0.06347993359508815, 0.07523254894727134, 0.07950143613797465], [0.23430860750273158, 0.500667718829671, 0.14920480757557364, 0.018089110112905184, 0.09433046011897535, 0.0018210513536481728, 0.0015782445064950832], [0.013808748828722198, 0.12235537801449918, 0.24836021107658923, 0.4274794101691572, 0.02717364501652118, 0.16072397297430585, 9.863392020515855e-05]], [[0.0779512523868359, 0.21386049646186678, 0.07098730764910705, 0.3514545658766708, 0.13658317421094013, 0.028529709086824666, 0.12063349432775469], [0.0550229053495882, 0.230755751370566, 0.09234736025233434, 0.31609382431722033, 0.16464315217663403, 0.036348161313740704, 0.1047888452199164], [0.058507185906351414, 0.2458970792767733, 0.07111729253592954, 0.4451553082985628, 0.15095039406583216, 0.002132591562355123, 0.026240148354195643], [0.06444429448680748, 0.4008030231459613, 0.16006478169917, 0.11653957756933667, 0.2301774748633511, 0.014238477630069505, 0.013732370605304002], [0.02594385285575992, 0.2415779283639884, 0.09811229428848016, 0.21079380445304938, 0.16761858664085189, 0.018344627299128752, 0.23760890609874152], [0.15730659025787966, 0.366189111747851, 0.16962750716332378, 0.04326647564469914, 0.24785100286532952, 0.00028653295128939826, 0.015472779369627506], [0.018615129238795353, 0.2317998577187574, 0.1407398624614655, 0.4657339340763576, 0.08572444866018497, 0.053118330566753615, 0.0042684372776855585]], [[0.1671423599025409, 0.2980160111381831, 0.11444483118691264, 0.06578489383919248, 0.2028541594152454, 0.0018099547511312218, 0.1499477897667943], [0.1065772377708326, 0.31990729360536574, 0.1254345612248481, 0.08192576465217544, 0.25020191733679814, 0.0029146328616076133, 0.11303859254837237], [0.13460831187936742, 0.49543949981610885, 0.040529606472968, 0.19676351599852887, 0.07079808753218095, 0.00011033468186833395, 0.061750643618977565], [0.14048123530606912, 0.6591588540910805, 0.1015296200621136, 0.02075290976112385, 0.06510318404783327, 0.0012771021391460831, 0.011697094592633442], [0.058198292385433004, 0.2797525701341697, 0.11609165359818784, 0.07727827147586687, 0.12850670848579893, 0.0028315037462972644, 0.3373410001742464], [0.24590445149669782, 0.6643794493524317, 0.03164936958572776, 0.0009434771421219659, 0.047088086456814476, 0.00025731194785144526, 0.009777854018354919], [0.049705938152153295, 0.27300322519446024, 0.363118952760387, 0.22215898311515841, 0.08062986150635552, 0.00948586605957124, 0.0018971732119142477]], [[0.1457980823463057, 0.28341793570219964, 0.0826283135927806, 0.25028200789622107, 0.16793570219966159, 0.044980259447264526, 0.024957698815566837], [0.08805862188256754, 0.32578545145768467, 0.112180394376828, 0.21332201151051985, 0.18948328458659622, 0.04541308928515269, 0.025757146900651003], [0.11518858307849134, 0.5997706422018348, 0.09225280326197757, 0.11525229357798165, 0.06148063200815494, 0.001656472986748216, 0.014398572884811417], [0.0931712962962963, 0.6636710239651417, 0.08197167755991286, 0.05235566448801743, 0.0920479302832244, 0.014263344226579521, 0.0025190631808278867], [0.05404351555798175, 0.24861576854090306, 0.16392419870545114, 0.3351789752787959, 0.10122436247368011, 0.03166185759962567, 0.06535132184356235], [0.16152219873150106, 0.7321353065539112, 0.03953488372093023, 0.003594080338266385, 0.06257928118393234, 0.0, 0.0006342494714587737], [0.02690863579474343, 0.19732999582811847, 0.2369628702544848, 0.39173967459324155, 0.04651647893199833, 0.09970796829370046, 0.0008343763037129745]], [[0.27124052652572794, 0.30953330674112484, 0.007977662544874352, 0.13043478260869565, 0.13003589948145194, 0.003988831272437176, 0.14678899082568808], [0.09692187804402884, 0.32602766413403467, 0.014124293785310734, 0.21381258523280733, 0.16140658484317164, 0.0011689070718877848, 0.186538086888759], [0.11413043478260869, 0.6418840579710144, 0.0017391304347826088, 0.018623188405797103, 0.14043478260869566, 0.00014492753623188405, 0.08304347826086957], [0.08875326939843069, 0.6535309503051439, 0.009067131647776809, 0.15152571926765476, 0.05544899738448125, 0.0006974716652136007, 0.04097646033129904], [0.04779508846052284, 0.258251914444151, 0.009770266701874836, 0.11750726168471086, 0.09426987060998152, 0.0005281225244256667, 0.47187747557433324], [0.1746031746031746, 0.8218694885361552, 0.0, 0.0, 0.003527336860670194, 0.0, 0.0], [0.04887218045112782, 0.28383458646616544, 0.021303258145363407, 0.5921052631578947, 0.05137844611528822, 0.002506265664160401, 0.0]], [[0.12804721580703105, 0.13497562227354376, 0.051321529381575574, 0.02771362586605081, 0.6515268154991019, 0.003849114703618168, 0.0025660764690787785], [0.09248668901597318, 0.2080457503450996, 0.0649280220863735, 0.027016367580358903, 0.6020508775389469, 0.004535594557286532, 0.0009366988759613488], [0.10788316582914573, 0.6410175879396985, 0.1201319095477387, 0.004554020100502512, 0.12641331658291458, 0.0, 0.0], [0.10844454412919143, 0.6339576090613435, 0.1359201525176629, 0.014130312885499607, 0.10395873051474712, 0.003588650891555456, 0.0], [0.056676490591702565, 0.22375878485604173, 0.19133983223758785, 0.04783495805939696, 0.46837451824982995, 0.006574472908637497, 0.005440943096803446], [0.2796116504854369, 0.5715210355987055, 0.05825242718446602, 0.0006472491909385113, 0.08996763754045307, 0.0, 0.0], [0.06204756980351603, 0.20062047569803515, 0.32368148914167527, 0.3536711478800414, 0.03205791106514995, 0.027921406411582212, 0.0]]]